18	1098	1100	1094	1090	1074	1091	1079	1082	1085	1088	1054	1055	1056	1057	1058	1059	1060	1061
18	1109	1112	1114	1116	1122	1121	1125	1127	1143	1146	1136	1138	1140	1141	1152	1156	1159	1161
18	1097	1099	1093	1095	1096	1076	1078	1081	1084	1087	1062	1063	1064	1065	1066	1067	1068	1069	
18	1110	1113	1115	1117	1118	1119	1120	1133	1142	1145	1147	1139	1148	1150	1154	1155	1158	1189
18	1230	1231	1092	1089	1075	1077	1080	1083	1086	1050	1051	1052	1053	1045	1046	1047	1048	1049
18	1123	1124	1126	1128	1129	1130	1131	1132	1144	1134	1135	1137	1149	1151	1153	1157	1160	1162
14	1234	1176	1177	1180	1184	1186	1166	1167	1105	1104	1103	1102	1101	1106
14	1039	1036	1033	1030	1028	1024	1021	1020	1017	1014	1011	1008	1005	1002
14	1257	1258	1178	1181	1183	1185	1187	1165	1164	1188	1163	1073	1072	1071
14	1040	1038	1034	1031	1027	1025	1022	1019	1016	1013	1010	1007	1003	1001
14	1174	1175	1179	1182	1173	1172	1171	1170	1169	1111	1108	1107	1232	1168
14	1037	1035	1032	1029	1026	1023	1044	1043	1018	1015	1012	1009	1006	1004
%>         Upper
%>         1 0 2
%>         | | |
%>         | | |
%> Left1---      ---Right1
%> Left0---      ---Right0
%> Left2---      ---Right2
%>         | | |
%>         | | |
%>         1 0 2
%>         Lower
%> Order of segments:
%> Left0, Right0, Left1, Right1, Left2, Right2, Upper0, Lower0, Upper1, Lower1, Upper2, Lower2.


		

